660
371
696
292
700
216
215
599
613
888
663
432
448
304
355
153
633
73
795
87
997
643
260
468
731
423
502
707
373
535
815
34
906
864
678
959
432
894
558
45
782
573
830
582
877
185
88
862
611
235
950
608
879
210
429
962
985
931
669
359
466
836
745
725
52
423
684
485
317
594
882
451
167
712
386
396
898
826
259
861
61
561
469
940
123
250
254
460
182
275
819
0
112
564
77
164
340
113
1
657
707
884
461
226
596
199
623
846
25
234
707
86
795
177
379
270
779
633
730
313
909
902
314
373
466
743
889
806
857
891
816
916
775
629
143
723
828
118
570
205
352
277
291
499
806
22
121
586
656
851
899
917
753
565
642
572
661
883
730
870
774
898
786
901
527
281
977
707
751
547
912
455
176
556
306
983
578
427
921
586
631
172
855
384
90
497
308
751
381
39
621
507
289
759
761
169
393
738
876
496
637
141
952
813
49
610
796
627
390
69
566
21
242
421
757
332
271
66
435
4
457
56
863
98
167
624
267
912
714
144
409
351
637
713
165
686
675
313
665
65
383
583
86
977
357
196
309
628
614
744
984
71
152
847
521
671
824
789
584
538
285
345
242
922
58
759
960
733
72
977
151
807
561
237
784
918
785
93
898
399
189
234
822
693
81
344
365
257
133
949
148
418
294
390
692
704
149
4
789
573
981
940
381
542
530
517
812
315
963
62
715
152
296
889
846
378
233
563
987
718
512
135
488
158
525
180
862
26
184
651
952
518
592
685
60
474
202
225
789
165
287
856
670
936
98
868
314
331
431
301
402
943
789
890
101
314
71
315
693
607
966
645
125
910
330
538
384
532
115
526
50
754
734
72
690
832
940
356
516
723
10
918
18
799
808
471
113
231
786
158
191
104
803
668
15
133
206
751
18
673
629
420
428
716
492
118
900
784
475
416
507
485
686
525
284
847
996
749
78
134
908
621
238
711
290
605
197
496
709
567
170
690
987
950
406
831
68
307
615
895
75
122
380
114
999
16
961
347
118
391
481
26
13
71
89
303
677
638
151
738
205
673
428
544
623
187
375
44
846
342
939
921
816
672
387
815
688
348
162
806
740
995
184
753
67
274
408
96
264
559
834
470
585
614
366
560
801
94
604
999
436
544
273
253
216
660
420
256
9
935
415
101
930
599
854
349
873
614
445
138
525
631
960
110
246
326
671
399
772
627
399
209
171
672
462
739
332
882
996
693
169
411
794
100
362
0
449
588
614
247
78
140
230
38
602
476
716
625
228
489
253
979
50
776
651
864
868
335
98
216
29
268
979
823
368
341
824
169
929
790
768
7
282
999
397
237
827
466
862
55
307
467
34
357
596
37
221
464
373
319
680
754
939
659
577
307
0
753
829
282
544
597
289
178
948
39
415
776
505
630
831
812
97
218
521
693
255
94
157
628
413
189
382
353
848
312
12
201
417
193
483
313
791
124
492
91
163
907
867
20
537
699
184
987
917
705
680
524
799
190
505
565
379
887
270
580
551
282
781
969
828
616
282
971
740
126
62
256
34
930
276
923
981
461
910
898
518
943
774
670
485
279
235
864
519
505
796
70
139
929
391
967
545
26
938
638
152
1
894
538
283
522
814
264
335
724
162
854
19
288
524
504
568
111
721
87
616
869
509
107
799
253
75
344
279
365
982
783
718
228
674
1
751
488
265
86
564
779
292
584
68
168
440
636
279
513
75
247
383
936
707
182
189
134
526
468
499
861
604
570
89
278
571
192
118
189
631
682
968
275
618
388
444
411
376
75
924
451
675
307
388
382
489
577
516
368
398
367
581
354
937
22
984
861
215
102
50
846
784
370
121
755
759
917
166
135
345
90
939
20
750
327
402
591
256
270
311
6
637
892
712
927
915
696
788
482
798
190
680
935
560
801
42
319
71
208
455
416
650
746
436
752
425
190
344
681
460
655
40
449
900
104
728
167
801
516
649
951
706
329
238
267
482
280
938
905
840
745
321
843
491
109
595
916
299
291
950
111
299
990
913
551
446
641
718
247
510
719
551
568
400
789
835
882
422
126
788
614
871
461
457
363
571
405
279
870
696
229
334
347
571
247
898
18
240
616
617
750
335
168
319
87
310
506
970
84
632
110
698
504
923
508
219
494
913
498
717
961
728
51
309
651
650
207
669
890
176
639
641
863
807
312
951
469
818
921
553
451
383
604
307
306
112
526
153
377
24
870
338
104
273
999
108
923
559
129
165
735
768
806
598
928
118
549
397
937
822
303
740
557
