307
7121
8261
4284
7930
3841
9465
8147
9931
6816
7055
395
9832
7999
3515
1411
6361
7326
2353
5874
3961
7515
8303
7312
1330
3011
7403
3124
7005
388
4090
3664
7509
8703
4301
1792
2544
3766
6291
8827
582
3346
5574
414
7698
9089
8178
411
6416
6883
2637
6729
4398
941
4041
2080
304
7796
5205
3662
4536
9295
7326
2046
4351
1627
190
3247
5394
6481
2075
2328
6179
7649
9095
3877
3091
7273
4288
9507
4156
6926
2588
4906
4219
2981
6987
4523
7129
8544
8185
1665
4191
1864
63
8542
3491
253
1790
5237
3086
3865
7566
9266
7866
3013
3143
957
286
3784
6816
794
7062
9404
2052
1281
8737
9039
2156
2218
3935
6694
3884
8127
8558
3947
3021
2049
553
1163
3639
3639
1380
7557
2905
9247
570
2401
204
856
6185
7021
8002
9599
2777
54
7232
7867
5446
9388
85
9381
6082
3969
3860
992
4269
3234
9394
4822
4397
3033
8461
5778
590
7719
5025
1160
120
5229
8368
6305
8602
2722
2256
1380
2776
9488
9247
8222
8876
9332
3956
1311
9654
4168
8655
3923
7402
8049
5097
1800
1082
9910
3930
8024
7629
8955
5536
7749
536
256
406
9139
2978
2662
6871
5755
2150
2470
329
7379
1802
637
5042
7808
4806
3697
1731
8560
1747
3180
360
9181
3091
642
7206
720
5949
9094
4822
6486
9351
5228
1977
2329
4243
5200
4436
2745
7670
1118
124
5824
1755
1518
3633
2913
5216
1716
1474
3315
4897
8186
8848
7988
8829
2406
5060
4778
1501
9882
7616
7204
1463
5945
9533
5706
7497
322
8451
5167
7792
4928
992
9547
6446
4625
8813
8014
2693
287
7681
3942
8473
6530
1930
3654
8936
3343
8433
6789
9577
2401
3993
1040
4699
9879
6746
2196
6553
5198
7364
4345
126
4708
3892
6572
5685
9057
939
8378
9344
8620
2321
4170
5150
603
7824
439
298
2609
7228
9876
5011
7574
916
6062
7453
7663
8258
4006
9213
5622
8351
9339
6682
8595
2263
2367
7653
9554
746
3349
8175
9419
7519
9677
6374
5344
116
6673
7953
3697
6549
9316
1271
7465
5378
5076
1480
9989
9082
693
5611
3785
6384
8646
8732
8648
1013
6385
8202
8111
9735
2729
3882
3606
2407
257
8950
8875
6930
3256
2572
3479
2572
195
7296
4303
5271
8777
4292
4353
9470
6255
4490
5855
4901
3223
855
2267
5960
5409
378
5695
4491
613
9302
6898
870
4604
2125
7800
7860
4698
7631
6785
1245
4927
7440
6517
3704
8084
7222
9527
4339
1713
1734
5593
4936
8941
7860
896
702
4590
2944
5193
5203
8598
8443
2425
9554
569
225
3767
5267
7856
6904
2864
9136
4344
9381
2840
2428
6604
8719
3119
4669
453
5064
5957
9394
9276
6853
97
219
6149
1642
5422
1099
86
4200
654
655
4425
773
2274
8634
7677
5138
7770
8373
4520
6962
7153
7476
5682
272
2145
6135
5337
8102
1882
965
1307
8331
1184
3809
9973
2959
4908
59
7159
1914
7066
1584
9039
5692
6570
6716
831
4340
5089
1703
1303
2242
5531
6985
8867
7676
9472
556
2130
1354
1521
9789
6037
2706
3598
6011
5665
4859
2422
2824
3125
9489
760
2165
5181
7331
8881
2364
1671
323
419
9326
2565
5950
2663
7784
3626
8488
8340
2108
6194
9862
1898
2232
8920
1848
8243
4585
6707
7017
7409
9833
2858
4521
8350
4392
1852
7231
6756
9876
3906
7176
5554
2824
3126
8218
608
3105
6706
8949
5213
9252
5163
3463
1484
4083
5312
6079
5020
2019
3097
8781
8204
5955
3302
6554
347
5155
138
3456
1383
396
6984
6937
3220
110
1507
3829
9567
4565
9130
1133
3818
645
4596
5302
1080
6260
1382
6100
4632
831
4881
2836
3138
4535
5743
9838
6042
2233
3294
7425
2629
6630
715
5850
3092
2222
6031
2660
6788
1513
3793
606
2158
4741
2260
3238
1002
3642
5690
5634
825
6923
4822
3964
1458
6917
154
7501
5502
3448
1278
8132
6430
1993
334
9522
4216
2717
2182
7356
4230
2327
7962
2740
3421
222
5978
4423
217
8020
6409
1042
4943
7583
1358
6401
853
1512
254
6355
1312
7885
4487
7742
9878
1173
7265
446
3890
5799
7802
8120
8127
2116
860
7900
2339
3190
8675
8908
1210
5084
6302
2505
9019
4013
5259
9872
5525
5513
2580
3190
3398
7067
932
9629
4593
4549
75
8483
6701
4230
6604
4828
6346
3816
2728
8685
7007
1403
3945
4569
2839
248
3427
8210
4261
8686
4435
6138
551
7015
9328
3950
434
6613
9931
5027
7514
6
3511
4215
4236
6467
5395
6935
283
8123
5620
3642
5878
5918
4564
5069
6166
7991
9632
6779
6677
4067
9269
7228
1082
8598
7530
1516
1563
7461
6544
9077
3820
6407
3293
4408
2874
8688
1343
9509
3164
3316
3152
5394
9234
4068
6816
1752
2059
6448
4883
5088
515
4152
2316
7949
9102
6199
5817
665
12
2361
9743
184
5120
9388
4593
7994
4428
2288
7504
3944
1956
7008
9339
7542
1076
2507
5646
9487
8955
529
4575
5822
1034
3243
3771
136
9442
9588
802
9455
8302
6897
9639
3422
2637
584
7769
7065
9225
5273
1010
1181
8633
6701
8724
9709
9208
4370
9196
4515
1252
3771
337
2286
3366
460
2422
2809
48
9576
8616
4702
2825
4607
8125
5462
5192
5894
8880
769
7519
6242
1950
6152
2943
674
2213
8503
1397
7761
3018
2649
1532
3355
1287
1250
3815
61
4059
215
5990
9027
4918
8815
3635
9395
630
5179
1641
5862
5948
5512
2104
4250
8016
1399
4925
229
9902
2674
7990
9272
1675
5874
8979
2962
7124
9146
3023
7536
9361
5365
6563
631
4181
6550
6378
1163
1729
4371
7025
4029
9883
9129
8280
7899
6880
9557
8128
3134
2231
2470
2406
3906
8344
1385
3220
1821
531
2595
9357
6244
7961
5920
3228
8494
2471
9606
9657
552
3978
3034
4582
3861
8515
2862
8113
5395
8771
2593
8529
1002
5064
935
1260
9760
8672
832
1581
5555
3427
7290
1799
7740
9563
5027
6234
8386
4634
2243
8938
4964
5277
9872
5177
3792
9086
3290
9187
7857
2236
4068
5211
7300
5003
6471
3412
27
7303
1346
5582
7083
8636
7382
4823
4551
8761
1058
2937
3395
3301
8228
4711
8579
4452
9889
8723
3539
9531
7911
7748
1767
1979
2960
9067
3335
5783
8832
3362
9439
6530
8945
6522
5166
2679
1345
6070
1440
8755
5359
1188
8409
3587
5899
3340
8040
2140
2063
7931
1672
6326
5679
3439
8306
4991
8859
7993
775
7691
7707
214
4221
6652
3088
5739
5683
785
8161
3476
9541
3521
4664
7950
7108
6915
1290
1500
9056
3353
9431
728
6032
1463
4167
4338
2806
3026
8683
3581
7069
6390
147
1290
9395
9587
3382
5078
373
1543
8554
9914
5064
9570
4216
8525
6486
5506
25
5542
5211
5809
6270
1243
3624
437
1933
6430
9816
6968
6364
6885
3359
2863
4528
2754
2451
7910
4184
2824
5805
9091
9090
870
8661
3306
5747
1499
5164
5772
7041
6727
7933
9663
4323
7909
6453
2608
4340
6269
9577
7056
9506
2936
6271
4034
2042
8722
8296
2578
7898
4102
8021
6988
1324
3035
6646
7071
4534
1810
9195
7928
8538
7129
3943
9213
1390
396
1821
2082
3017
1398
9138
8876
686
5410
2910
9080
484
7559
8011
8383
1661
6032
1723
9337
5419
8370
6408
6306
180
5603
4234
5070
9084
8177
635
475
4926
2457
2557
4295
207
8048
3171
7246
9810
2434
2678
294
9993
689
8677
8006
3074
6753
7343
4845
5123
103
1151
1655
2058
5385
6726
1143
9915
7361
7970
1193
6170
6879
5488
6378
1279
5012
9976
1089
7446
2654
7736
3791
9696
2765
1797
9122
9518
5492
3967
4641
5595
5119
6297
7653
504
9375
5148
6771
3088
9470
7964
5611
2702
9805
8341
3981
4817
8317
1423
2263
7323
9159
6054
7019
8276
4203
6141
7795
9695
6461
8788
5290
1580
1437
9295
8436
812
4444
5208
253
266
9524
5864
2968
9329
557
3302
4146
8874
1077
2761
6197
6588
5167
9569
4864
9370
2062
2659
5417
8523
1448
7059
103
2885
6355
8540
50
7151
100
6655
3769
9624
2519
3090
8954
3076
6392
9452
8302
3821
2214
851
409
3733
6772
5273
9456
8835
4285
4873
3710
2085
8285
3814
4970
4640
8706
1372
8143
8806
8027
8264
4782
6898
1354
88
6326
7746
9541
980
7919
8107
1832
8328
1840
4956
9954
1296
3791
4239
2522
7502
6324
807
7668
7646
1799
2726
9019
9942
7884
3398
8206
2666
6649
5913
2755
9327
11
2296
308
7931
6755
8492
6259
8595
3448
6213
9892
3592
452
2414
7446
3128
3221
5114
775
5020
4192
6146
1314
2076
5896
5872
4742
8897
1785
3849
8225
1797
2497
4885
6080
9252
3377
2339
7848
3177
4905
4092
3121
1709
2858
567
4838
2431
2033
1965
3803
6225
8111
5117
8301
359
7341
9396
9257
5479
9597
7482
3628
2095
2367
9708
1347
2096
2047
5547
1625
3304
5991
4747
5014
8849
1666
6204
7632
3700
8169
1435
6277
2632
2904
931
2991
246
327
8600
2077
9924
6082
5705
8371
4801
5413
6071
3249
3812
7970
1227
7117
3962
2326
8483
9163
3992
4687
6796
4044
2856
8231
322
5488
1136
1253
4831
7734
7932
3432
9811
4208
5866
5516
2580
7020
7281
5003
269
1093
2973
7848
4562
6935
174
3045
6099
519
7732
2895
915
6940
7478
7589
8780
4966
5194
3612
2700
3126
3396
2511
3687
9262
4379
2619
6282
1660
7622
6552
9106
595
752
20
7531
927
3066
9982
7798
7150
9229
8713
443
6707
6303
9223
8026
1497
9187
726
976
2583
9590
4663
1846
321
7282
8128
8334
4904
1032
7440
1851
1785
7460
5734
9064
6878
5716
3214
381
1297
1927
7176
4357
4582
6399
2383
2432
1939
3109
3408
4522
9051
4423
6368
9373
8057
849
7707
9313
8233
1499
1164
6370
5311
6899
5434
8542
8967
8648
5275
6617
6928
2451
974
7862
5202
3357
294
7141
2818
54
1664
1870
4477
4384
7595
8886
5233
1654
8199
9819
3153
5716
6189
8464
8967
7976
7006
4286
2976
2281
903
9904
1084
1877
7767
6287
1586
4413
3428
757
4468
5092
2627
5297
5829
6574
4184
7414
8228
8735
7233
1381
4451
3423
6197
3418
1399
9556
4057
4375
8189
4960
632
9274
6838
4751
1913
4776
9164
5341
5533
3632
6786
4512
5282
2615
1086
9466
29
5666
4553
3615
3399
9005
3390
9597
8775
4789
5505
2832
5516
46
4145
2500
9320
7335
7251
1233
2111
2768
2927
7645
2752
9713
8509
8034
8680
9596
3852
8709
1614
8406
8676
5014
7411
2066
963
2538
3207
6468
1723
8724
6514
5868
7576
2187
3203
4828
9772
5314
3948
2699
9311
6700
8764
7821
4735
7444
3769
4939
2506
5383
3345
1182
397
7108
3249
7712
9647
6456
4180
7722
1532
7047
3590
9109
5586
6793
289
5358
8459
589
4410
7771
7289
3174
5592
8376
619
5713
3316
3125
1096
3013
659
7846
122
3908
1910
6121
6717
6091
3843
4601
9490
7433
62
5076
578
351
434
9037
7292
4844
6808
4582
4371
8752
9310
4990
817
2626
4467
8266
5640
5126
6112
2114
5387
4374
8235
8456
465
2078
3057
6307
5863
3120
1383
6441
9823
8170
5478
7116
9366
8639
8050
3737
3743
7360
5079
4561
9987
9546
2827
1979
1025
5291
445
6412
9665
8680
4868
6483
7110
7925
2790
9325
7397
526
5766
7221
5048
7596
4337
766
2587
8739
856
6331
6099
5935
7244
2438
5482
71
4417
6507
1714
4862
9271
1379
9894
4139
7862
3356
8416
7005
2681
5814
3883
4799
9387
8931
8748
76
6049
1335
8815
6905
4018
4914
2841
1262
7353
4675
7685
8122
7534
9399
9337
6805
779
5583
7296
4993
8940
2064
8350
1621
7878
2233
2773
3617
7516
1521
3693
9918
9208
2508
6823
3227
3775
9664
841
1128
691
8527
5602
8225
7926
4939
1382
5057
523
5030
6403
5815
7095
4753
3788
1325
3339
6561
4943
7207
8082
8636
7125
7291
7497
3949
6870
1272
9965
7711
8752
657
6238
4354
5234
517
5646
2969
1926
2521
7999
8329
8336
5094
9435
2124
6420
2774
8686
7715
6333
3120
6351
3459
6763
200
7408
3633
1472
3725
1345
224
734
3935
931
5969
804
2929
8938
2731
5450
3289
7412
138
4736
3199
2262
1156
2325
7300
5223
8659
421
7926
2118
3536
8127
5878
7170
9599
9603
8515
6176
338
8802
3459
2659
9607
6388
7949
8690
8190
1238
6102
8328
5974
5654
590
3482
7979
4243
5057
6638
1016
2984
8756
4552
1111
986
1722
7062
6942
6589
9590
3632
5392
3049
6291
1351
5789
592
41
3979
8182
2495
2307
509
8149
9250
343
6129
9845
5401
9119
861
8385
4228
1765
9496
5214
3488
2910
2156
6429
2501
2140
8173
1902
8431
9524
4044
5375
9565
8023
3558
8413
6683
4067
2914
2285
4410
5395
2130
9811
4515
9343
4548
8743
1108
4044
309
948
3307
8818
7378
2160
958
5551
4062
5742
5076
4458
1117
993
8834
4675
5758
5517
5094
8673
4154
9505
4068
6284
5668
4935
1979
217
30
3087
613
340
388
3920
5510
7766
6080
2820
9669
6495
8562
1097
953
6032
2091
9787
7059
4201
1656
2154
2874
2162
1659
3295
4798
3679
8230
6777
3896
4613
6217
4510
1305
6605
4782
6815
4371
7215
9635
392
3710
4550
1490
1015
582
9933
7155
7641
4134
5163
9795
3361
7326
7806
6656
2124
7838
1238
5254
1734
5851
1471
2596
7156
8076
7379
323
8799
4594
6311
9191
4656
861
681
2023
7795
6966
5530
5436
1101
694
1584
4462
4372
5742
7470
6496
3580
5060
1750
5315
912
9573
4263
4420
7649
1642
1096
6448
2588
7407
1992
3596
8268
9025
1972
6063
5992
7502
7851
7093
8196
9435
7907
2568
1530
5377
5417
5110
437
3519
425
7701
3093
1041
8474
742
9035
9570
3543
1624
3329
5535
1572
7949
912
3544
364
6904
1047
8215
3997
5595
4003
8256
4516
5533
9985
6285
643
6775
9804
7421
4476
9249
8462
9302
6344
7497
5224
9887
5473
8553
1774
3398
6502
9038
6942
3218
5943
4341
1434
6292
6289
5437
4549
805
7322
4534
7090
4317
1309
3246
1738
2138
2496
6552
7792
5192
402
3017
1431
2227
7922
9557
5625
777
8595
8920
3995
4538
9613
1781
831
5902
3570
1732
3059
892
6266
6501
5210
3928
9748
3300
2418
8596
6205
210
140
2959
9579
1571
5186
7502
1128
7164
4631
9723
6084
4978
614
5697
6760
7797
7952
330
9529
1011
7575
5795
3865
9137
6075
9965
8789
8493
8561
4994
8704
5053
7953
8283
6624
9492
2137
7752
6656
3120
3827
9092
8099
793
1141
1211
8590
9093
1541
8119
6457
5468
267
322
4605
6342
287
9747
4836
5200
4741
9892
253
9047
4527
3229
4891
6665
7333
1547
6137
1160
6991
4236
1954
8132
5447
6896
3578
3341
5016
6387
5161
5283
3061
6119
1625
3348
5866
2813
4900
607
2705
1505
6006
3585
4734
897
6602
8419
8796
2739
9579
2139
3328
7885
272
5127
1134
202
4820
6150
6589
9982
1433
9650
6101
9410
9350
1967
8576
602
8926
7633
2107
1285
1218
3193
8534
7820
1612
3683
560
7543
5822
3888
1781
2446
9015
2915
2648
3836
9065
5589
170
6850
1591
6271
2612
7293
4590
1188
7895
3516
8822
6354
1153
40
9547
9688
4213
7511
3371
4773
5055
5545
5013
3188
7992
380
6103
6992
568
1520
8934
738
4722
525
3361
7334
7819
7951
4875
2066
7820
3697
8421
8973
89
4320
5013
4302
1832
8384
5427
3239
3930
6792
6427
8274
7173
8882
5266
4093
6754
4200
4832
1476
1078
8193
5162
8897
2497
37
7315
317
86
5736
5642
176
57
656
830
8241
5392
2610
7832
5674
9402
4259
3948
2927
9493
9215
7021
2599
9767
8205
427
845
6398
5589
6094
5247
1979
3410
5564
2065
9146
7559
8593
5555
8215
9424
148
9959
8386
7980
5634
4140
8591
9582
7068
4436
5149
441
7035
4917
8646
7462
2114
1396
9404
8209
6644
1383
1619
8560
3448
7117
2471
2042
9025
7038
7818
9173
6998
6204
7154
2632
344
2097
8566
3764
6534
68
557
3569
4985
5555
7384
3451
6952
6788
1660
9948
4523
3279
4860
7971
397
7332
6365
9422
4370
535
4947
7720
6739
8453
6704
3436
551
5271
3552
7085
5339
4110
654
6676
9665
4390
127
2969
1178
8140
9269
5701
1419
4130
25
8168
7814
2742
3942
2184
3278
8890
9905
17
3695
6609
9805
4246
8232
9710
1331
9923
3820
8338
2951
9837
2728
9431
9159
259
7571
8428
2312
5342
2558
8689
3511
372
1432
3805
8909
4710
9047
5166
1079
2743
8127
885
6989
2712
6947
4673
2635
7119
3011
1939
6956
2091
1370
6115
8702
8941
896
1015
4283
3454
9704
4146
179
7488
7952
5440
2198
6999
606
3278
9742
5085
515
3084
7797
7462
7757
6785
4581
7120
8724
7889
9211
6446
357
4266
1739
1253
5281
2374
1059
1337
6521
7590
8826
825
3030
7376
4176
9988
654
271
5074
7521
3355
9223
1335
1112
6008
2268
4584
1084
6510
147
3882
6867
4413
5621
4472
6046
7996
5531
7384
869
3122
2562
1694
2504
9938
5870
2493
6945
6141
3919
818
9496
3142
8506
6960
5503
774
7896
2939
7284
8044
6822
503
2457
2443
4975
8504
6791
6859
2240
7660
6333
1154
5706
5189
7444
1577
7682
741
4070
7953
1560
9919
1096
66
3231
2951
7192
1128
5890
829
9172
9064
1332
7981
7860
2660
2837
4651
5871
1429
8664
8556
2583
4370
3745
28
2299
7780
769
6370
5733
8681
6289
3181
5099
9520
6132
2292
648
8375
9473
6172
3791
7157
506
1651
6169
3343
2655
2040
4773
1319
6948
7356
2041
7046
3736
4341
4826
858
711
559
9539
7000
93
991
2872
6225
9635
9873
952
9108
6045
4744
2617
6551
2747
8787
6247
5402
7179
1020
3073
4128
4728
5115
1174
8465
9456
2352
5675
6519
9263
5214
9871
9356
2557
2743
1934
2192
2616
2886
7652
5014
3982
270
7917
6730
9057
4164
2132
6236
5184
1558
6716
9913
6673
4242
4730
2481
6594
405
9000
5858
1971
8871
1566
4529
1614
3500
3073
583
2739
726
5597
6721
7348
3514
9803
2757
4031
8288
5345
9215
9846
2062
5480
6519
2656
210
9000
9251
6967
8000
1461
8939
3223
3027
9820
1189
2880
9245
1772
5619
6323
3721
8692
3671
3588
8496
6428
7619
6784
1774
3186
6630
188
8667
9501
2844
5229
8501
8447
2197
2853
6260
7488
2428
5640
3660
3617
4872
2905
1742
491
9229
5463
5535
9252
5403
4031
2033
9374
7167
159
2561
3797
6699
1228
9650
5895
2809
4503
695
1358
3708
6955
8846
6136
8947
2506
9754
3819
1764
7848
662
7345
3311
6198
6597
5067
6581
4982
4441
3749
5141
7002
7546
8192
4582
3549
4088
3744
8052
4783
5102
1761
8090
3949
7897
7038
2807
4003
7209
923
1851
7872
8268
1515
422
1218
6582
7003
6200
7375
752
7694
730
4651
5886
5312
8200
6326
9056
6252
1109
511
4365
5552
4460
2263
8942
3619
2618
6151
4543
4470
375
2811
2337
797
381
5271
7801
6582
2646
4905
628
3376
9556
2866
5041
4108
5545
449
6713
3006
960
1078
8558
1772
9693
7500
5392
2312
4
9935
3134
379
9098
1823
7529
9480
7094
1682
2414
9740
6587
9394
9469
2496
8612
4510
6604
4157
1311
3317
7164
2272
748
5722
4044
441
9575
5788
9105
9579
2075
8591
6310
7526
6766
3839
7006
3860
5521
5772
9953
2109
1518
9422
4605
130
284
7561
4288
7947
7231
1452
219
4331
3526
616
1124
3101
2756
230
9032
4832
5173
5343
8710
1940
9182
5716
2152
4704
7840
2105
3165
9358
7879
4122
9488
4515
8035
128
2463
5266
1580
9034
9597
1459
6002
722
4560
5111
7304
9945
6295
8829
5288
5005
7121
4470
7073
9274
5526
4913
7731
5043
623
1963
9165
6463
2830
7201
6592
1645
8819
8172
680
8417
9631
3034
5491
544
8145
9147
489
4440
7976
2129
9445
5098
2951
2870
724
8478
7783
4807
9873
8406
6770
9039
4870
9601
2592
7814
1246
1411
5986
8278
9828
1970
7665
1671
8866
2162
818
5707
6603
8795
4188
2400
245
7139
5271
969
1969
9406
5776
1843
4165
8899
882
5387
4852
9826
3201
6098
1237
5539
729
7418
3861
8394
9089
2727
556
6260
4786
3511
5055
8974
2264
1652
2466
3887
8973
4435
9645
1101
6278
162
0
3512
5549
4852
3338
5102
7303
928
642
8032
8346
4503
2778
7435
3583
9686
3695
8369
9550
5102
3696
8166
3106
6162
8405
2079
597
8050
3181
3228
8213
3181
3092
114
4386
2783
5217
1689
3711
5859
6073
2057
6714
5203
5844
297
1241
5892
5019
791
7346
5067
5309
453
1229
3714
2532
8178
8117
5713
7758
2682
5247
7203
2796
5985
9986
4365
4026
3697
6576
99
5754
3291
1654
7950
9940
2895
3842
1311
39
7541
6378
5348
7994
3959
5415
6878
8490
3532
8944
2600
2566
4191
9803
1714
6528
9789
6080
554
3486
2656
653
5592
2299
8659
3543
2240
1554
3737
9903
1593
1278
6282
6942
5624
6593
8709
2503
5083
2241
1447
4036
1159
5638
3839
2873
2166
3629
8953
9072
3467
7962
6077
9060
6613
4736
8955
5205
6290
9044
5109
4236
6675
7743
7530
2299
4336
6239
4802
5772
8480
6249
9808
9639
8239
9999
8864
6757
3628
7818
5829
3448
2132
1906
8860
8745
6642
7815
3951
2933
3211
5412
7169
9886
3155
4699
2186
7491
7290
6988
9615
5770
3238
9423
1761
1477
9423
625
8235
9403
4795
416
2851
3279
2323
8063
8377
8965
2230
8680
8250
5442
4092
1771
5328
7247
2822
3866
1090
112
7207
706
2234
445
6481
347
8274
2256
7325
2861
8012
8472
3278
7215
1752
1953
5279
6481
7270
7509
5161
1873
9303
9253
3644
984
2852
2819
4850
294
9283
2057
1000
1518
8854
3834
8217
3481
2442
5542
2694
454
4015
2324
4022
2119
4277
5653
8600
1548
3162
113
9773
8818
9366
3417
9802
8570
2588
1004
8864
1872
3062
6217
3390
8268
6403
7959
1749
8845
3502
796
5652
3869
3120
9674
5988
7398
1679
940
5298
4841
1053
5071
3659
6771
4840
9813
5341
7429
818
557
9301
232
6774
9043
8500
3177
7002
6602
8375
6856
7398
4027
725
518
53
3065
4268
1732
357
5918
2925
7762
7341
2937
885
2182
2750
2578
5963
9920
3136
1616
152
6262
7011
5005
9440
365
1607
7815
3574
5357
8194
4299
2227
4599
3717
6496
2683
426
8766
5608
8189
6108
4897
5426
4642
7648
8005
6957
3920
1141
8573
4073
7403
1936
9078
3195
2301
7037
7362
5875
8746
5556
6527
973
6507
6596
7469
9190
7022
2588
1151
1563
8696
6048
6990
9690
48
1347
6647
3969
2488
5220
4394
6243
7156
9824
9439
5809
6861
6801
8037
5607
8710
4564
2932
5217
1160
402
760
4534
9342
1911
2450
8038
7959
5792
7728
8008
7139
727
8329
5979
5947
2723
2222
9455
2547
1661
1616
5760
4815
9653
7719
9877
4217
651
1446
1729
1053
2206
2616
395
4117
1418
4785
8429
7210
8865
2789
701
9592
1118
6680
1891
3841
5254
7698
6388
3268
9315
2148
8083
8968
9867
7960
9538
518
9406
1267
7924
7965
235
4671
8434
1653
5809
6863
5215
1026
9652
2268
619
7122
5300
2510
963
555
209
3703
3823
5876
2203
8258
4844
8422
2570
4382
5293
1976
2002
9569
6293
2237
592
4728
243
6401
7943
1810
7428
3948
4079
4399
1070
5731
3261
2034
6286
3470
2089
6461
9346
4293
1071
543
2715
3641
4925
4360
1970
3279
3929
8263
1869
4522
9343
2112
923
7287
274
4703
1235
705
9102
2305
6437
2364
691
9075
2186
9133
1889
7885
3426
2960
8428
2493
6602
9705
3206
4924
9337
7135
9539
1206
1657
8883
9670
8933
6170
9944
9988
3757
650
9091
2414
7087
7807
9458
2514
9993
8591
4403
4230
8369
7364
2658
862
318
8716
4068
5242
8053
7556
4781
9259
9213
16
8929
4498
6186
5225
4487
6295
5875
9930
8710
9314
7737
8168
1829
4082
6759
6232
8313
5128
9948
7323
2342
266
6039
2763
1860
444
319
2994
9703
5884
3010
4984
6735
5549
6562
1222
1844
8789
7504
6906
4456
5241
5074
6285
9323
8185
8869
7636
9665
5170
4960
2008
1788
7351
1123
3649
7796
7794
6643
3851
3678
6005
5188
6765
1554
8102
4339
9751
6891
1843
6657
1347
7084
8084
3984
2760
6269
9206
6748
5935
4376
8060
4295
6164
5412
1770
6165
9560
9564
2808
9763
9594
5166
4951
6360
6720
3053
699
6471
6297
2543
9481
7644
5979
7565
1629
8739
3834
835
5488
6121
1563
3548
6768
7727
5312
4890
245
4872
806
3053
4636
401
8219
5939
3113
1292
5345
164
4115
1642
9059
3596
5638
5039
1161
3619
130
1348
4454
1970
3821
2369
1871
6942
6449
7183
1832
6694
8408
2639
6099
3044
9392
671
5335
2505
1963
680
9021
2430
8674
8081
6027
4313
9472
3540
7932
9602
4888
8739
7925
8710
1108
9796
5652
3909
6979
7484
603
5387
6475
6703
4783
5867
7374
119
4724
5689
7151
3746
8119
2178
1827
498
6491
7651
4039
775
7253
8927
9514
5178
3989
6975
1326
9641
7236
8306
3478
7840
45
9953
895
4829
2173
8269
1300
6897
310
8451
643
4781
629
8822
5280
3472
6473
9319
4248
79
8246
114
1609
2236
3441
2936
8229
678
1242
8059
4870
7639
4365
5765
2468
6538
386
3768
9787
696
8572
431
1829
5553
5605
7109
5378
2079
6428
5978
2158
1027
2444
119
9615
5886
3055
7844
2916
649
5904
7786
8289
269
9903
7109
3159
289
7230
2946
7337
5802
9729
9166
7707
5335
6276
9437
7414
9056
5415
5924
83
7860
6043
9698
98
9099
3895
9366
9748
9799
7152
4389
6420
7055
1499
9579
3696
8729
8877
1033
883
8607
6551
4942
3942
9179
4380
7708
8236
6147
3632
4671
359
9675
4370
457
5126
8265
9823
1227
4416
3327
5616
7188
6734
3467
3119
430
2196
1996
7815
9431
603
4367
4374
897
3546
8754
8605
8134
1253
2237
2806
1613
8265
3528
8422
9743
1793
4598
970
2561
4277
2939
9749
1012
6406
2868
7794
4955
4864
1962
4386
1820
6329
8760
2717
6227
3866
1323
714
5120
9912
3520
3085
8177
7048
7859
7921
5193
2457
5243
7754
6735
8182
3855
4099
941
6723
8245
5896
1587
207
6634
9759
2888
5395
2477
5468
5613
152
6182
7085
64
6054
6522
4594
9454
4382
8867
999
3191
462
8753
6278
4997
2608
377
5938
5683
4975
8186
3622
5182
4820
3382
8071
6567
5859
9891
8533
2363
6073
1970
2427
8479
8493
3373
7933
2875
8592
8932
6066
9055
4037
2345
4052
2997
9074
6342
8680
4049
4528
2302
5584
5700
5684
7
8620
7895
9898
7153
258
2323
9123
9038
7154
3968
8763
5087
6843
7356
371
9262
6411
760
7959
6815
109
3385
3157
8789
3787
4037
7443
5723
9737
9480
5730
4709
7375
1980
8214
3986
4303
3690
9376
1457
7658
8139
2896
854
5495
9619
116
8258
6731
4427
5073
6840
4164
4582
5629
7951
8619
9424
3674
4709
8904
5756
9418
2632
7736
3985
6618
2039
7675
5994
9848
5333
485
9096
6187
5981
5067
2655
591
1798
3434
2017
8638
7599
6599
619
1902
1571
44
5577
6280
8948
1333
2050
1580
5422
6035
4550
3813
62
6896
3662
5396
7382
9110
7935
9715
4178
6943
306
5976
6729
2323
967
680
5275
1586
2583
6846
7982
4512
9478
3283
2197
7880
1215
7619
268
5766
1433
330
9014
1447
2078
6396
557
6366
6111
1087
3309
6418
3416
6390
5093
735
7071
368
2321
9654
7214
6656
518
3044
9939
2715
925
1154
335
1193
6920
8120
1523
5935
9567
3602
8683
6476
9968
4795
3916
9629
7565
7332
2371
2658
4419
9442
9379
6740
5448
2945
3396
5966
5990
9687
8682
6915
842
5369
8108
4114
3489
5983
49
9408
9585
5085
2236
5905
6232
6152
1886
3797
9836
4258
2807
4255
52
2186
7348
5501
5132
7096
7819
7474
6784
2853
4389
7626
8222
2497
1740
8063
4832
8142
7471
770
3227
6060
6675
5811
2212
4914
9608
8401
5524
8767
2656
1928
7306
6356
3781
8790
3453
1601
6264
237
4454
653
4215
9029
9502
2307
7092
4334
6801
916
5104
6380
6976
8132
2191
5540
9398
1799
3941
4922
6919
6598
6850
4225
9306
632
3015
2759
8585
9279
9348
9391
6284
9915
8420
2138
2223
1865
6472
9024
9133
7929
5405
6109
6061
7596
1649
1811
5748
1943
3085
2667
4893
9935
3244
4199
6919
6259
6959
1856
1890
2659
1248
4526
2575
9668
6664
4798
7885
9488
174
7018
7417
1931
3127
9830
5880
1129
1641
1628
9424
4726
647
4317
1014
243
8516
4285
2854
1827
6142
4744
4487
3742
5622
7062
3410
2286
8212
7648
1774
4738
4666
5544
6670
4146
5374
2550
1627
3368
530
1051
8094
7529
5368
5460
7772
236
9746
626
2064
2240
1722
2903
5982
7344
9965
5744
5982
4529
3392
4108
9267
8059
9652
2289
8557
5027
1191
184
4747
1721
1235
2841
9250
2955
4654
3374
3191
752
352
1607
2992
2074
4510
5326
5770
827
1070
8104
5356
815
2213
976
5226
8217
9617
3783
9596
809
3967
4343
2530
1554
3537
8133
4509
8191
1507
7700
8943
1860
9308
1935
286
3818
7261
2409
998
4683
513
6354
5498
9078
3682
724
7296
3300
4507
6892
4109
4826
7588
2991
6380
1125
1124
889
9316
8984
4942
8259
7196
4250
6546
3834
4420
159
6243
1770
1194
3109
8125
6693
8539
8159
3769
2187
7811
8277
9080
8272
9455
3020
1264
5836
4145
8740
6725
3461
4076
1667
8072
1272
2269
970
1459
3042
7481
4054
4812
8675
3515
9289
1720
2055
3801
5490
4242
1612
119
9674
9885
9574
2694
7501
1762
3191
6241
8488
3004
318
6507
7428
7942
5129
4750
5753
4523
2231
9808
5687
7259
3323
4977
8979
1730
5130
821
2325
6742
7292
8351
2979
3219
1046
480
4981
589
6722
9821
3594
3392
2681
1022
1334
7810
5773
7088
8685
4356
3248
4372
1615
2923
5701
6947
4654
831
4120
3331
3926
1413
1682
6905
984
9080
7386
5965
9670
460
2139
3264
204
4820
638
1538
8982
2763
4978
7667
7120
4578
8391
5087
7502
4093
8386
8508
1276
2507
1839
5202
272
3521
8460
1256
2602
5846
3573
2272
2658
5712
1888
2862
532
8878
752
9514
1642
2083
3533
8762
3013
1925
201
515
2370
8588
5375
3646
7447
7214
8849
7719
7088
7309
5327
6042
9507
8900
4666
8517
965
6554
7731
1497
1784
4835
7364
3426
6918
7249
8540
9932
9174
8742
6799
7896
3682
2175
1543
1129
5741
6744
5200
9181
405
6879
5223
6264
5779
9889
4781
3096
2795
8864
4594
4580
3699
8310
4358
618
5559
2899
6902
1086
7993
53
8982
8027
8580
6877
5508
674
3621
708
9855
378
7587
5079
6642
9718
1320
7775
2815
468
6639
3761
1400
339
2071
5758
7309
3982
5009
4211
1420
9354
616
6755
7381
9197
3632
2889
9871
3606
9949
6078
3984
3888
7509
6979
3607
8830
4754
2774
5650
1394
6535
7050
1733
4958
2808
9042
5292
4170
9605
6713
3524
6573
9820
7258
5770
9804
6499
1993
3410
6449
8072
3747
337
5581
726
296
763
5480
3070
6413
6874
5957
3463
4959
7267
2624
353
2560
3146
6310
5625
3022
2884
5445
280
5006
5249
6780
7000
5012
9581
1424
5111
6270
7005
5837
2919
4121
1317
5989
534
4544
8299
350
5855
5566
9326
6209
8126
2472
2519
103
5494
1755
1900
5775
6762
7150
8907
3762
8514
4840
5186
3625
1110
8543
9462
381
2664
7131
2723
9551
8027
1022
6253
3883
6588
5579
6444
1067
8051
5315
7522
9897
7071
9423
2024
185
2925
7283
3947
1439
2123
5485
1416
9586
380
7230
9967
9397
4361
2690
5300
8741
3712
1553
8976
6653
7132
1772
4072
1535
7087
7946
1432
510
7369
3457
695
294
740
994
8085
2864
2831
9501
8802
9564
6731
8769
8961
7445
7812
4261
2538
7876
5814
1514
881
9298
3286
4953
833
6725
2900
2265
3588
6621
2074
635
6916
2815
1630
5001
2031
813
855
833
377
7586
5954
9338
5031
3766
9951
7569
7995
5765
5435
8876
1415
5073
3830
2248
8151
3082
4514
1739
6055
2940
2374
2971
5755
356
4325
4138
1170
5180
1323
7899
9118
3630
7238
502
7396
3541
4423
5391
5659
9859
620
7074
1284
802
9323
9435
3884
189
7526
9939
3129
6253
9263
8885
2961
9940
9375
483
1472
699
8383
590
4329
5621
7444
8077
5514
1868
9821
1173
8079
441
8248
5715
1243
7571
5151
1479
7760
9029
7770
7241
1634
3385
2478
4596
3325
1854
1431
4797
2553
9814
1740
3234
1787
5536
7663
7302
7404
7484
8475
1835
4277
6723
7551
5520
646
9054
3351
4758
8083
1122
2000
6070
4507
4478
7018
4185
6332
8449
5334
5237
4616
3426
8471
6403
8963
6135
57
6367
9971
8533
4555
4249
1608
2106
6121
2255
1160
9473
7013
5595
595
9013
8017
1454
3492
5035
1991
6176
9837
7326
1414
4453
752
6237
7208
9715
8724
7266
2435
8696
5799
3342
9297
3759
5448
5418
6014
2960
4891
9380
8555
1838
4745
2925
9645
4589
7960
1636
766
4149
8962
8532
8602
6067
4769
5811
2134
9846
3077
921
8542
5228
4263
7839
8987
6063
9609
1354
9023
4501
734
3931
2691
5479
6856
2336
69
1168
325
7187
5318
9287
5719
3920
1706
488
6083
3841
334
9160
1114
5228
740
5378
9419
6080
1441
9029
7434
6817
9882
4520
748
8925
6351
7604
1262
2772
8772
7939
9959
442
3578
5678
4363
5285
2519
446
5478
9205
5959
6592
786
3051
8322
6557
9131
6116
1938
2917
2933
1820
7437
33
7098
141
3989
4712
2913
9113
2651
9225
9556
6229
4903
3919
1514
3774
717
3344
9332
3028
6289
6470
2432
4611
3027
1563
7079
4966
833
6364
3138
8270
2749
236
4763
6738
4948
7677
5852
3951
6902
1760
181
8157
5679
1695
8284
2748
1392
3968
2129
7681
438
4561
8644
3465
2476
2076
4783
3309
8440
7922
7932
1190
4510
2695
4280
5811
372
6484
9762
3626
8244
9943
8136
275
7991
6420
3024
9383
388
1505
3416
826
2418
2060
643
4894
488
5427
4556
8929
9701
2488
6471
563
5183
7103
2726
1908
3588
2489
1886
1832
8784
22
2108
3127
2794
1484
8862
3182
2989
2278
360
5407
691
7356
6653
1179
9135
1209
6460
5188
3697
2931
5751
5233
35
4830
3493
9975
7319
5379
1807
2455
1754
3915
5583
4548
5399
4445
4083
8388
3076
795
147
3767
8151
6801
4946
7286
4362
7759
8826
4412
7042
930
9645
3429
5760
3138
3404
9431
4869
5212
1886
6623
9127
7469
1172
4527
8267
1607
9267
1343
2402
5767
1462
554
8920
2760
4192
3282
519
3019
7694
7562
3949
3691
991
6061
6829
4396
5492
8051
5960
3730
4674
5087
1200
2198
5966
5819
3805
1586
3514
6208
7353
4976
3114
6273
7736
3658
5907
8256
6677
9954
2170
6978
3645
9513
9391
6827
3909
4883
4878
6221
8614
5904
1309
6166
8103
3627
8337
8260
5213
1851
820
2566
6827
3934
5191
4563
7593
7451
9171
622
7405
7693
3953
1050
7207
3344
4229
7468
4580
9107
3690
9546
5012
1351
5712
9467
4978
4049
7727
192
5900
4900
9110
9079
8834
4302
9994
2779
8105
5518
9754
5510
3211
3707
2912
6770
3403
7142
4239
7983
2601
7929
7529
3965
5632
9593
3432
610
9994
7512
802
2246
2412
9913
1325
7598
567
7672
378
8672
3190
6484
4182
2753
191
3446
9524
9946
588
3763
4282
9542
8044
1811
3507
3676
7757
6940
4286
7751
804
1441
9998
3216
1354
1323
7166
8273
8995
7544
6945
8537
380
7479
1291
6923
925
815
6870
7866
930
1152
7408
8974
9315
7267
9002
7072
4207
9640
4824
5011
1081
4822
4579
8787
2497
1746
7060
7845
5642
357
6382
6023
7836
4025
2946
5114
4840
6168
9332
2122
7320
3092
7448
2988
359
6450
60
919
6091
4884
2282
3524
6058
6862
2312
8556
4960
5724
2753
602
6082
9135
2977
270
9513
2276
1736
4353
4796
1068
2828
8469
512
276
1457
872
6727
1517
1791
9170
2754
4073
9046
8812
7287
7710
3720
2247
3435
6473
9202
5869
1961
8531
2491
1474
7159
4228
2179
1956
1648
5007
425
2161
5284
1882
9385
8363
3399
1176
3885
2505
1601
2931
7670
8889
642
1390
7488
429
4216
3042
6298
6177
1574
8789
4003
8733
9369
2534
689
1018
7542
1114
9531
9178
9348
8916
3893
2748
92
7778
1605
8045
7061
9275
3286
7703
666
775
8132
1234
3817
782
7411
1743
5924
7766
477
5293
300
7518
2663
4194
4985
2194
9724
4333
1110
3617
3433
7554
7747
5039
5600
4809
4314
8886
2512
1332
6013
6997
2566
9831
4131
6329
1574
55
4095
8403
1701
748
5922
4364
4942
907
6559
4667
1592
7669
4636
5026
1576
2384
65
7176
7193
731
2414
6057
2064
8428
9406
982
8259
3538
7312
6185
9945
7759
941
1646
4859
3215
6011
6154
474
8922
821
2066
6591
1809
7092
4519
4193
7157
1695
7738
7889
462
148
6305
8890
9554
3639
3501
9444
951
6038
9390
5063
6979
7388
9922
194
9751
2428
7020
8673
3249
9087
1617
1411
6179
6136
5604
9689
4184
9695
3930
4646
9843
6587
3536
9397
226
7037
5194
7530
3075
936
2593
6407
8324
8867
2953
8076
1296
9974
6749
897
9061
4718
8660
1592
855
617
7633
5039
312
1563
9685
155
4502
3221
5904
4729
6610
1098
2259
6037
2034
1204
2444
6711
6423
5398
4787
4071
1724
7888
1321
7137
2607
9981
8729
9814
598
2715
4853
910
630
4538
7417
5133
4111
3322
9862
721
4420
8473
3110
2807
9677
5555
9518
2452
7305
657
6524
5381
4897
7845
2518
3856
4178
7599
3670
4777
314
4875
2039
945
5765
9457
2430
9876
2779
2292
6949
3551
7117
6412
2710
6794
1967
8580
5598
5624
9237
2122
1005
487
6319
9875
695
498
7474
718
5275
4141
1945
3666
1438
7711
3123
3868
3939
2254
2512
7241
5806
9629
3653
8516
2775
1972
7097
8373
7596
2686
6848
4953
9525
3167
4828
6573
17
8654
7291
1644
9147
9236
5311
585
3299
8434
805
7239
689
9669
4480
2847
5650
4485
7715
8425
6457
1164
3151
4053
203
6351
5358
9728
5870
186
2653
5888
5192
9944
3884
4340
5533
9195
1277
8832
3982
8435
6071
1023
8104
6903
222
3755
1388
7937
8532
7845
9102
8035
8250
5657
4386
9960
1737
257
146
4391
2497
1691
4335
6381
2383
6220
1929
3660
5053
5911
2095
7476
3286
6552
732
3508
307
2120
7797
5191
6318
6899
3227
920
8908
7613
881
646
4222
7379
5037
6719
9070
5724
9453
7805
1945
1382
1466
3350
3645
9913
826
6931
2817
7910
6791
9476
31
4588
4668
2701
7840
7895
9973
6748
1860
854
7394
6083
4586
2431
9154
8
4508
8607
7814
6453
6341
5632
6155
9986
1897
3333
3269
4715
1244
60
4191
7627
4649
5211
328
2489
3106
301
9237
1319
7508
2984
3754
2094
1767
9260
2102
6275
4220
6268
9080
561
1900
5235
6900
3798
8569
169
8513
6165
230
9056
3792
1231
4268
4120
3720
3726
773
9309
5045
4633
2293
5151
6727
4061
4412
5182
336
8632
1450
5769
5545
3351
7356
2445
3501
5925
8967
2014
8442
5549
1070
2234
6780
5338
6354
500
5417
3480
9809
462
8113
2103
1966
1193
2516
2730
6375
9204
1362
4177
4973
3259
7528
2330
2057
7381
4607
1024
9395
3050
6573
6818
5284
3353
8508
7991
205
3925
7823
6366
740
5936
8469
2706
7129
7337
5436
9856
6542
3150
4034
7867
2761
7914
6549
4818
5296
1157
2194
1043
559
5119
7861
2195
4824
6370
6538
1381
6647
4361
7748
7387
298
2569
6445
3779
9907
8233
3636
2801
7735
4022
668
497
1936
7218
1667
3584
4727
214
4628
5286
1685
2489
3833
6510
5211
372
4243
8211
1085
1991
5598
7735
4561
8396
1515
820
6629
1503
3621
4365
1877
4289
1214
165
7859
2881
3750
2586
9447
8378
4224
1133
7219
4410
7643
8783
1134
1886
6994
2219
230
8944
9955
4791
7340
7822
5611
322
9325
5584
1039
1202
6225
2253
7719
4085
5134
1469
3023
4582
6199
3600
2067
9771
4362
6062
8554
5496
7948
1900
7715
4530
7196
4022
5673
4537
1844
1284
1211
1169
3220
2250
8723
9446
4503
6443
9883
5989
4264
9258
6923
464
9210
8990
6587
3572
5052
1493
9068
9353
3393
3136
3883
589
7158
9557
1478
9003
7193
2689
6524
414
1291
1600
6212
5794
4395
6095
8136
8659
1705
5059
5475
916
4050
2062
4488
5454
3555
9909
4807
3300
9397
5043
242
2907
4600
8072
8262
8145
7114
4787
4911
8405
2739
1123
4200
3486
3570
8688
8497
5276
3747
3973
2544
4149
2387
3384
9604
2295
3293
763
5595
9042
5806
2189
1950
6758
262
6564
4904
7376
7703
9815
5781
442
7291
6333
3928
861
5021
8778
2489
5121
9103
5033
9270
1490
8418
5226
137
8063
5990
5733
3458
8148
4274
1760
4907
4536
8324
6163
1912
6028
2330
4046
6470
9621
6731
6751
6835
1753
5529
5676
3226
4632
710
8848
2474
5480
4075
2612
3543
6417
4697
7001
4565
8971
5113
5824
9860
3438
8339
8124
9466
670
2170
2288
6643
8902
9039
3478
7007
920
9155
233
1904
6217
5433
731
1697
9508
9695
1592
2277
4392
4946
6843
9715
59
9019
9575
3497
7359
7700
2963
8029
6222
5252
1024
1476
643
4503
8483
7916
10
5068
6172
2579
502
3255
4276
6362
2950
2220
8640
7342
7166
1835
3410
7226
7206
2985
7075
4565
7037
6391
8946
3260
7995
9971
4736
8638
826
9572
2906
7188
992
5431
9767
7846
8686
395
561
1637
2615
9201
5331
6134
7388
8741
3360
4594
8079
6787
5512
1468
3178
810
4728
1173
7133
5817
6164
4311
1741
9070
1499
9085
853
7618
6932
9540
8013
7493
1177
6981
3046
2860
3115
434
7954
2827
1380
6033
5966
3244
7501
9145
4055
8582
318
7540
751
2834
1852
8844
8257
9703
7929
9110
7322
1213
8650
1687
8706
6179
5020
8104
9040
8135
4890
6994
7314
6271
9379
3281
5867
3232
8778
9922
8166
9096
3815
8917
8283
5667
7761
6540
5370
2043
5650
9044
3256
4301
732
8315
6832
5752
6419
2224
240
1310
5570
3906
3933
4949
7187
9800
4534
5965
6075
2700
1414
9890
7970
9697
1909
5731
2589
7279
4126
8239
6324
7383
8892
3408
5698
5725
9160
2117
7949
5752
9779
9872
9659
3712
4821
3198
9865
5707
5516
5940
8408
6930
2182
6378
2979
4091
8461
1920
1370
2588
159
4046
6323
5404
7454
2021
7481
2967
490
1782
8719
270
1654
4730
334
2828
7929
199
8535
9797
6139
3295
6727
4673
9673
6058
8764
4487
7978
6487
3427
4489
533
9750
9893
4340
8123
7374
7307
4965
5509
2378
1587
7163
3461
1922
9991
7742
8473
8527
7539
965
1822
618
5638
7848
6676
755
8687
1006
7242
2114
5495
4127
8216
1741
8467
2691
5467
2126
4008
976
4505
5596
8140
7966
3870
4483
5708
8695
9362
9599
9660
1185
217
5299
5385
3245
6054
4072
4251
9648
2538
6098
3775
754
4191
2243
9797
9659
4369
3805
6987
5226
5753
5127
9544
5975
5963
1604
4671
5325
1203
4331
6510
1420
5982
8247
4665
8388
8671
5268
8036
1209
1367
8164
8315
5558
6759
8112
1569
7480
8270
8557
2707
375
36
8603
2703
5999
208
3726
1325
1411
4409
4187
2832
392
2435
3849
5132
1106
9118
9521
2316
6837
7685
6983
8747
796
1448
317
8276
9718
8874
7335
6445
5262
5939
9148
1262
6147
9226
2587
7558
3636
3126
6742
4028
5561
6944
5512
3020
6062
5033
1688
9251
9070
8671
7998
9866
119
8315
4495
6189
3541
1830
8987
8804
7769
4487
6418
268
3714
9005
4179
7350
8483
921
7730
4045
4217
3242
3417
6631
4628
5105
5882
50
128
3881
9917
248
2196
764
2789
2090
2594
1776
894
364
6264
7312
6984
6330
2669
1163
3680
7504
8437
7762
1549
2654
1004
1318
9286
1984
6423
5168
2035
6552
5401
8304
3152
3950
9068
2293
6040
8014
4070
3286
8378
6686
6950
1715
3016
5971
2878
3048
3475
1315
810
1377
3970
8166
2695
9608
151
5471
1128
8538
2023
6530
3194
1527
480
8614
3820
6520
6628
4242
9806
1359
928
6756
3074
296
2727
5952
3344
6202
7268
506
7579
7590
8673
6627
7198
8824
2098
8326
3714
473
1208
6908
2000
1688
1874
2172
4560
8502
6415
4366
9861
3695
7474
2935
344
6553
5240
40
9108
8860
547
3039
6450
9220
9666
0
4396
1764
4678
8110
2237
5887
1370
589
3927
3244
2762
8488
1746
5529
9206
7960
5576
3033
7247
5920
9586
2487
5961
8694
1347
2860
1734
4149
2080
7752
4149
6476
9517
5180
938
8106
7419
8660
8696
1346
1904
7810
6186
2
3339
1745
4314
5267
4778
1562
7540
4364
401
9853
9411
1749
2713
7497
2250
4793
5249
2752
7621
4766
7932
8559
9225
1703
7219
7921
9401
5475
5731
5588
1829
5422
7333
6144
689
2111
4058
8229
2827
4459
8082
2238
2560
795
6087
4811
1940
1337
7563
9561
2455
1847
4472
1680
3550
8043
5953
2951
9870
1684
4891
1700
7106
2224
4196
4148
687
4606
2377
3515
5417
6812
2105
7978
7607
8193
9141
5900
5882
3056
1813
4689
4903
6286
6370
4805
681
2323
4108
552
360
9000
8604
7466
7576
9152
1614
8264
110
344
8131
5527
7156
6588
3505
1115
1133
2646
7015
7015
2054
8829
1705
6957
1467
4427
8114
2148
3102
2223
9052
3462
7575
4008
7281
5151
3160
8895
9767
3270
5591
4250
8798
2747
839
8655
3863
1972
7654
7230
5340
9708
6059
3397
3018
3878
7824
1132
6027
7278
3355
1431
741
930
5440
8022
2434
8600
3269
2201
8223
8861
6452
3373
7960
3643
8380
8175
5615
6034
5406
7307
2095
1465
704
5113
5344
4880
6245
7723
8511
5953
9154
9252
3235
946
3626
5669
9547
3247
4223
4122
8460
7027
3847
6421
670
2227
4596
2637
4614
2
9945
6709
7820
7001
8174
9516
8234
771
3591
6745
6724
9097
2349
6312
44
5975
8333
5943
9222
2556
6417
4035
9583
264
456
253
8843
1404
2891
3457
7759
9188
6518
1931
2541
4692
7799
775
5464
1390
3872
8540
6839
6221
4852
6883
2196
9538
2826
7771
2094
9243
8158
8030
5859
8614
8283
4703
6370
7526
4512
4129
3066
7383
2412
5608
8427
211
6383
3891
7953
256
8784
4793
2829
9988
1676
1378
9526
855
9149
7973
6450
3659
6003
8662
8625
4286
9717
4995
8165
4229
5477
1231
7964
7889
3191
6392
4453
9575
6635
2406
6183
5419
7199
9012
1760
5228
390
1286
2435
5891
9259
8885
9550
5262
3899
4527
5901
3616
9523
418
7846
5000
1649
2162
9241
1193
8554
3694
768
5190
6101
3303
6961
9652
8667
8721
1232
5410
8
3667
7653
9267
8905
3556
882
2804
8083
3135
6421
7606
3553
619
8958
1554
2781
4552
2747
1336
8246
9867
2878
699
3170
9839
6704
8190
8561
7936
3600
8569
1604
7605
4188
509
1161
1422
9665
9245
4557
6086
3203
8110
3057
8514
9665
5839
3066
2412
3527
1312
8632
6405
8364
1802
6244
5068
6344
1157
3004
6296
9726
960
3902
267
7821
5063
1689
7487
660
6247
9925
216
709
2983
8730
6726
5174
1796
9139
8701
9460
7771
1458
7824
5925
4054
9244
8622
5212
2249
4918
1290
9561
8820
1557
7383
236
9599
4870
7248
2198
4795
7464
2907
4130
6194
9634
9304
4342
5125
4357
155
9248
5815
4331
1525
6222
3576
147
1434
2177
1418
2724
1738
238
634
9121
6826
233
343
4075
2431
1491
1539
1690
5621
4086
1324
4926
4780
2801
5635
4935
2049
7803
9267
3575
4025
2843
74
5459
5020
1492
4535
6758
8083
5169
2232
4909
1754
2575
5336
4185
4066
6876
5876
9688
7314
3552
966
2094
6354
2953
7030
4755
756
2649
4682
4781
5492
4757
6592
6864
2601
1128
9974
684
2649
2206
1946
4404
1134
7282
4941
5200
510
7169
1240
7824
722
8558
6271
3428
7864
9653
8183
8620
2302
2866
9754
4146
3975
6346
1010
6576
3826
984
3613
6476
9543
1911
7232
7029
9193
8525
8581
6056
5695
9822
3880
2769
4732
6503
6197
2596
6156
732
7569
4810
3598
7323
8956
3925
21
9966
6854
3848
7303
6819
6676
3198
8730
260
227
7923
8785
8808
3979
4480
4982
4212
3601
6067
715
9798
5015
3224
531
2584
8034
481
6259
3343
4407
6281
9661
1261
6481
3316
8080
3157
6514
3162
9769
3093
1085
8554
8254
1417
9387
9588
1981
2988
5655
9048
2787
7023
2272
9670
5959
6659
151
2219
2
910
4852
9663
8523
7685
2980
2955
7194
5846
6117
6963
5292
3555
5517
3546
4972
1256
3134
3305
4245
5142
2353
3384
2165
978
9406
8124
3989
9557
6695
3991
6820
7899
6
5343
5584
9338
8299
2778
1537
768
9741
6829
4323
1611
6727
5647
9219
6213
8952
3464
1355
1306
3200
9872
8636
2606
4349
2625
8516
7396
2968
5336
5296
2974
7031
7232
8665
5330
6363
202
2451
6104
3383
6774
4067
110
2422
3287
6323
7726
3103
4031
9032
6304
255
4020
5262
4604
6645
3778
2001
9613
9114
3649
8940
2498
7233
7605
4180
3596
7807
6631
6053
1190
3406
120
7652
2180
9759
327
9906
9215
4358
5291
1871
4614
9311
7133
5570
2309
912
3923
1922
6378
7572
862
8876
4806
8467
3057
8402
2626
9688
4455
168
9446
928
4172
1626
7039
4500
7885
6254
5210
3176
8125
9824
8839
1611
1747
1148
2523
5670
3071
5253
3243
285
4130
4401
5105
3539
9155
7731
9579
9963
4252
9026
7243
8424
7004
4282
2924
1241
6889
8135
4417
1366
4311
9609
2977
6058
757
1852
1729
180
7106
1324
466
7588
2077
5571
7479
1232
9654
7058
7547
258
2436
4790
8683
5793
5425
7959
7034
8666
2446
1452
32
6758
7413
9362
9168
8170
1214
7249
8351
4672
8573
5169
8612
650
7092
6091
8235
3098
3150
5782
3357
1938
6925
8392
7731
2350
6351
4766
7368
8798
2570
7400
1908
9983
3114
7428
8153
681
4678
2856
5353
9603
4377
318
6606
1469
6409
4841
4568
5911
6975
4277
7850
3900
2669
5581
2602
5372
347
9970
4170
9269
3723
2430
9252
6837
9859
3758
3870
889
6614
5576
492
992
5894
7098
8813
8655
8291
9733
4567
5267
4010
8769
5519
3031
4350
4474
8404
1050
796
8926
319
4519
1357
5924
7709
7568
9682
1579
8457
2648
3507
5301
3640
9401
2400
8806
8057
691
4891
8976
2310
8902
7745
4182
8285
8447
8656
6689
5849
9452
1968
6169
324
9677
8445
4385
3597
8127
2316
2054
775
5824
3707
768
1577
6107
5926
5986
3151
817
4962
1813
6071
9059
5995
4357
7507
1003
7398
3356
456
9366
5877
7132
5395
4322
1517
8992
8801
3833
7398
5929
9657
1106
6697
1235
3565
8975
3573
6716
9792
8536
4882
5864
7595
877
6573
1454
8233
3971
4811
5041
9690
7040
2173
5085
7715
3690
4078
6516
3875
1476
2445
9885
8934
5494
7472
2500
4469
1045
5568
4262
9581
450
6478
3529
7680
3051
4983
5913
3374
6146
954
3064
9539
9479
4502
7254
9521
4932
3770
3396
2760
2568
3281
1695
8062
753
4195
2532
8151
6115
3146
4084
6566
9624
7613
4246
9027
8949
6511
2401
1447
7465
1818
986
3296
6320
8240
2817
7604
8363
6213
364
931
5847
8411
8993
2952
8958
7877
1103
5074
1023
5188
1640
6999
9153
2238
6026
8102
8749
8428
5902
2566
6598
6888
5862
2918
1481
8679
6874
6196
1244
3590
7127
7091
2002
2472
44
960
350
1147
6034
7725
2687
4026
4725
1841
2616
7103
9943
7717
5531
2197
283
2129
5438
2497
1399
6919
7528
4625
9467
5125
8216
6594
2216
218
9066
8612
7530
9416
6112
9917
3494
8799
3943
8219
640
6560
5322
6936
629
7206
9133
7265
5687
4571
9762
3439
7842
3643
8064
7309
5120
2632
255
7336
9202
9322
2301
6733
5090
8413
6650
8584
3564
6945
3155
4205
9857
4830
7493
487
8388
6626
7752
4075
7550
3866
3866
1744
3861
8283
5406
8981
915
5661
2670
118
1335
1323
3203
2778
9736
6205
7714
3300
3150
870
3857
9360
2052
1350
6199
440
4329
303
867
1879
521
1086
9975
4383
9369
5381
9716
6636
1043
8738
6754
8730
61
6309
1508
6149
2514
9223
9450
2017
6445
9659
1377
4849
1010
3928
1641
1691
4231
8860
3570
4752
9946
9897
9135
5667
5279
5204
2304
2674
3942
9058
1404
4004
1720
9265
153
4234
4840
5955
6251
7637
1967
3980
2486
9329
7908
4127
1020
2139
2987
942
6892
9286
839
2379
4953
6118
3935
7257
5144
7878
2668
6549
8234
4388
2166
4739
8622
7006
7047
1226
4643
9014
5206
3481
8343
3115
3960
5715
5254
3299
6657
8498
2585
7496
7230
7539
9967
1165
1148
5111
5395
3816
8012
3629
4556
178
4721
9531
3536
1768
757
4531
782
5963
8012
5477
9078
1972
1192
685
1624
7849
5535
4209
1697
2765
8100
1664
3931
9249
3128
5678
9417
1140
9308
3974
7671
4029
9857
7559
2149
614
8443
2931
6577
6455
4760
2008
4780
5952
9045
6404
153
4580
6965
8202
3698
5066
9867
3981
667
9347
9659
6436
6839
8967
410
862
9348
6619
8422
1497
7233
6865
780
163
9672
5540
8523
804
7844
7568
3560
4349
8500
526
2552
2198
1944
2419
6179
8963
8118
2191
5399
4957
7510
2162
5820
6859
8781
594
4708
6015
3811
5489
6178
9835
7381
4701
640
1578
8621
552
5927
7121
7430
8479
5672
9374
7250
8203
8337
5368
394
3737
6678
7905
5899
2498
1116
4680
9444
2176
7047
3255
4017
9577
3090
1399
630
82
9329
9251
635
5256
2725
8065
3736
4749
3792
986
2952
2129
2707
9699
2218
9385
3956
4469
8235
5072
5502
7679
3600
2549
7286
7618
2127
376
9017
2757
6811
8346
8361
7446
9954
7438
1863
3690
2187
5655
1029
1491
4137
88
1190
6355
9473
5146
825
4060
6570
6327
8091
171
5228
5377
4141
3707
2105
3158
2817
8916
7856
1178
2714
4162
8616
4578
4205
7155
233
5234
8646
4370
1674
9837
7078
7499
1335
7903
1559
4258
582
9650
781
2162
5027
4922
5870
3484
4432
8687
2401
8640
6217
1467
2802
4833
6045
7007
1988
6279
8593
634
7001
267
6823
4079
7766
8159
8334
9325
8769
5268
5327
9550
7431
6706
4472
9653
191
8904
8340
8944
7544
909
411
346
5742
6457
3706
4082
9088
2299
1068
2441
8919
4244
6521
6685
8755
1207
2363
7524
2828
4042
7074
6611
749
1546
6264
940
450
956
9884
4346
1865
295
1044
3959
3104
4750
4393
2192
3402
5461
4634
2321
6057
7507
5358
4812
5066
4073
2336
7894
8116
9410
4505
8865
7308
7121
6157
4110
8077
2393
8456
6294
2688
9501
253
2145
603
4646
689
4005
6460
1675
6326
8869
5534
8037
3682
601
2110
6018
4847
226
1781
5705
5443
9089
2826
1600
3200
7256
3993
8008
9902
3034
7509
156
1531
8113
1154
2220
8470
3966
3896
1149
2836
9430
9186
2870
6383
7648
5240
1231
7875
7021
6936
9670
2463
6114
1271
5663
9722
1616
3671
9625
1002
7533
6133
2533
1998
3639
4754
6820
7606
5002
7969
6794
4432
7155
9664
816
1156
1256
8399
9031
8278
5335
5053
741
7801
2676
2756
7524
4293
2779
3501
1647
6664
9634
4181
5014
3273
5287
1835
7231
289
9804
377
1073
3312
6393
8241
4468
7650
6640
9851
5928
8327
4904
3021
6129
7581
2129
5
8226
1260
3506
9873
7925
3140
406
2939
2765
2045
1126
9997
2334
931
374
9760
4243
6768
8001
5063
770
994
4914
6698
9321
9818
6071
5450
3751
4552
5455
1977
5812
8961
8203
89
8453
8609
9381
1219
655
507
7568
9341
7790
4294
5453
8385
7414
9807
3448
8184
801
8362
1234
122
4533
3657
5573
4636
8209
7380
6614
374
2694
1169
6815
1147
6130
2548
8718
6785
9408
2638
2479
7198
3285
4284
5584
699
4091
9032
5236
4892
3747
6470
1367
4632
128
3292
9268
4689
672
2234
1415
9718
3403
8231
866
9534
7131
5936
2671
6539
4927
1502
90
8212
5787
5674
5263
6230
1058
499
7475
1157
3322
8842
5789
9802
2134
1410
843
9158
3644
2259
8877
3400
6842
6095
9286
325
2031
8309
6865
3310
9812
6955
7874
1951
8981
3138
4533
6391
9989
2008
7549
9663
850
9690
9465
2984
1100
309
2143
1097
8920
1020
849
2114
3467
135
2439
5498
4796
9304
5161
960
2611
3035
9263
7944
2525
3797
4336
2515
5805
8237
2178
6656
7927
7996
5992
5380
4657
4487
2829
9929
1859
3678
2043
5326
165
4482
7177
4961
139
2338
2274
9102
1725
1537
7047
4251
5334
7735
3118
7492
5972
1648
500
3899
9644
6492
5631
653
7332
8460
582
5543
8490
2625
870
8655
3460
8047
9969
3599
6737
2243
2701
4814
132
9748
9065
1819
7483
8535
9311
9807
184
9811
59
6180
2655
5690
3186
6339
4151
3768
1883
2641
2746
2753
7649
6206
7152
3970
9805
241
6213
8858
5055
2697
4959
473
4516
8794
9008
3827
8602
5544
9990
8661
8077
2646
4351
1263
8985
4854
1383
868
3848
4129
9973
7849
6687
7125
1819
2844
3718
4384
1703
8774
7081
6662
5599
1598
5456
4607
1777
410
6504
1768
9071
4581
766
9775
2196
9751
981
3579
6972
4829
7709
6945
9030
748
423
849
3593
4141
5233
5296
2915
8667
8310
8514
6617
118
9474
8394
529
5978
162
5952
6911
928
5727
9107
7032
3061
2686
4004
4242
6747
7301
3273
3848
7724
4122
7441
1866
5708
9089
1133
727
7399
6000
7344
3869
5474
5738
750
7804
2253
6703
1067
9533
8782
6526
2917
1843
5564
3273
6086
2312
575
5711
6160
8299
9833
9953
6517
1893
9042
7651
2620
6441
3651
6316
6662
5477
2055
7413
9633
660
4116
7052
6545
9250
3578
5815
7446
9142
9088
3532
7806
9663
9243
3966
4315
5428
271
832
3674
9313
4835
6294
2106
8486
2611
8769
315
1018
6182
6300
8030
6650
3352
927
5900
6930
6742
3346
6073
5831
3230
3879
1846
8825
4198
2513
4254
4469
3346
7928
3783
4533
574
2241
3020
9537
1010
9687
555
7192
5988
4937
3842
9340
5865
6095
2623
8959
9441
8696
1142
2672
8927
2989
1497
3125
1854
2103
3947
1552
6383
4082
6086
6958
6323
5458
6495
3686
5145
3403
878
1133
8340
1073
6826
557
3520
9449
9517
9313
4497
659
1985
3424
0
9835
2902
1855
8290
3201
9759
4674
3635
5845
7984
9958
1303
831
3644
6449
4234
875
3934
8927
8300
760
5836
8172
6561
5353
7485
7410
2365
5823
835
2365
2010
89
572
300
3290
332
1326
3277
2529
9310
3235
3833
6494
3232
282
728
459
568
6007
5111
7681
1844
3283
4242
3549
768
1653
5914
6591
8840
4632
8601
5281
1556
5254
4923
8240
6580
8200
770
2243
7787
4603
8737
7371
1237
5817
7830
1805
8177
9293
9486
21
8928
81
3570
9697
8086
